42130
42136
42137
42148
42176
42187
42194
42198
42201
42202
42249
42256
42802
42803
44006
44007
44019
44025
44028
44031
44033
44034
44036
44038
44046
44050
44051
44054
44062
44064
44067
44073
44079
44080
44083
44085
44087
44090
44093
44096
44098
44100
44108
44110
44113
44116
44120
44121
44124
44130
78281
78285
78288
78289
78291
78293
78295
78301
78309
78324
78326
78351
78361
78365
78371
78376
78397
78399
78413
78421
78427
78430
78434
78436
78439
78443
78445
78450
78471
79043
79358
79360
79361
79365
79397
79400
79403
79405
79407
79416
79424
79473
79477
79485
79491
79496
79513
79516
79518
79521
79524
79538
79543
79545
79549
79555
79557
79584
79596
79694
79701
79723
79726
79747
79753
79755
79757
79761
79763
80073
80077
80083
80084
80088
80090
80099
80123
80131
80136
80179
80183
80193
80209
80255
80259
80272
80280
80285
80289
80292
80295
80302
80320
80344
80346
80350
80354
80355
80359
80369
80372
80380
80386
80391
80395
80401
80408
80412
80421
80432
80436
80447
80453
80460
80473
80478
80483
80486
80494
80505
80516
80524
80527
80530
80561
80564
80568
80598
80600
80605
81011
81015
81017
81028
81030
81033
81041
81052
81078
81080
81085
81087
81092
81097
81102
81103
81108
81113
81120
81122
81126
81129
81140
81147
81151
81152
81156
81161
81169
81172
81178
81184
81191
81197
81199
81203
81205
81206
81209
81210
81213
81215
81219
81225
81230
81232
81236
81241
81242
81243
81244
81245
81249
81250
81251
81254
81257
81267
81338
81346
81348
81353
81361
81363
81365
81381
81386
81393
81396
81408
81414
81417
81421
81430
81433
81438
81439
81446
81449
81450
81465
81468
81469
81471
81472
81474
81475
81562
81565
81580
81581
81592
81593
81597
81600
81604
81616
81640
81648
81674
81677
81686
81691
81692
81693
81694
81717
81724
81730
81737
81741
81745
81748
81750
81753
81757
81767
81772
81801
83006
83012
83019
83022
83026
83027
83028
83035
83036
83040
83045
83048
83050
83068
83074
83083
