33958
33889
33994
33182
33995
33049
33058
33067
33075
33088
33135
33136
33146
33156
33173
33177
33187
33203
33213
33215
33228
33231
33236
33246
33261
33268
33275
33287
33288
33296
33297
33299
33301
33312
33317
33325
33339
33342
33345
33347
33354
33356
33362
33376
33377
33382
33391
33392
33393
33398
33409
33415
33421
33429
33439
33446
33464
33466
33475
33484
33487
33495
33506
33511
33513
33514
33515
33516
33517
33518
33524
33526
33536
33548
33557
33562
33564
33577
33581
33586
33587
33593
33598
33605
33609
33614
33621
33631
33633
33634
33638
33645
33646
33647
33651
33657
33658
33662
33663
33686
33699
33705
33711
33717
33719
33723
33759
33761
33777
33788
33791
33801
33805
33830
33833
33834
33835
33836
33846
33848
33862
33869
33877
33887
33896
33898
33902
33907
33910
33915
33917
33922
33924
33929
33933
33934
33939
33945
33946
33957
33959
33961
33962
33966
33973
33976
33981
33983
33986
33990
33991
33998
34208
34300
34302
34304
34312
34317
34319
34320
34329
34401
34407
34409
34415
34421
34434
34502
34504
34505
34509
34510
34514
34519
34523
34524
34537
34601
34606
34607
34609
34615
34622
34704
34708
34712
34717